INSERT INTO hasil_studi (ID_Hasil, ID_Pendaftaran, CPM1, CPM2, CPM3, CPM4, CPM5, FINAL_PROJECT, Nilai_Akhir) VALUES
('HSL001', 'REG001', 88.00, 89.00, 87.00, 90.00, 88.00, 91.00, 89.05),
('HSL002', 'REG002', 90.00, 91.00, 90.00, 92.00, 91.00, 93.00, 91.35),
('HSL003', 'REG003', 85.00, 86.00, 84.00, 87.00, 85.00, 88.00, 86.05),
('HSL004', 'REG005', 92.00, 93.00, 92.00, 94.00, 93.00, 95.00, 93.35),
('HSL005', 'REG007', 87.00, 88.00, 87.00, 89.00, 88.00, 90.00, 88.35),
('HSL006', 'REG008', 89.00, 90.00, 89.00, 91.00, 90.00, 92.00, 90.35),
('HSL007', 'REG009', 86.00, 87.00, 86.00, 88.00, 87.00, 89.00, 87.35),
('HSL008', 'REG010', 91.00, 92.00, 91.00, 93.00, 92.00, 94.00, 92.35),
('HSL009', 'REG012', 88.00, 89.00, 88.00, 90.00, 89.00, 91.00, 89.35),
('HSL010', 'REG013', 90.00, 91.00, 90.00, 92.00, 91.00, 93.00, 91.35),
('HSL011', 'REG015', 87.00, 88.00, 87.00, 89.00, 88.00, 90.00, 88.35),
('HSL012', 'REG016', 89.00, 90.00, 89.00, 91.00, 90.00, 92.00, 90.35),
('HSL013', 'REG017', 86.00, 87.00, 86.00, 88.00, 87.00, 89.00, 87.35),
('HSL014', 'REG018', 92.00, 93.00, 92.00, 94.00, 93.00, 95.00, 93.35),
('HSL015', 'REG019', 88.00, 89.00, 88.00, 90.00, 89.00, 91.00, 89.35),
('HSL016', 'REG021', 90.00, 91.00, 90.00, 92.00, 91.00, 93.00, 91.35),
('HSL017', 'REG022', 87.00, 88.00, 87.00, 89.00, 88.00, 90.00, 88.35),
('HSL018', 'REG024', 89.00, 90.00, 89.00, 91.00, 90.00, 92.00, 90.35),
('HSL019', 'REG025', 85.00, 86.00, 85.00, 87.00, 86.00, 88.00, 86.35),
('HSL020', 'REG026', 91.00, 92.00, 91.00, 93.00, 92.00, 94.00, 92.35),
('HSL021', 'REG027', 88.00, 89.00, 88.00, 90.00, 89.00, 91.00, 89.35),
('HSL022', 'REG028', 90.00, 91.00, 90.00, 92.00, 91.00, 93.00, 91.35),
('HSL023', 'REG030', 87.00, 88.00, 87.00, 89.00, 88.00, 90.00, 88.35),
('HSL024', 'REG031', 89.00, 90.00, 89.00, 91.00, 90.00, 92.00, 90.35),
('HSL025', 'REG033', 86.00, 87.00, 86.00, 88.00, 87.00, 89.00, 87.35),
('HSL026', 'REG034', 92.00, 93.00, 92.00, 94.00, 93.00, 95.00, 93.35),
('HSL027', 'REG036', 88.00, 89.00, 88.00, 90.00, 89.00, 91.00, 89.35),
('HSL028', 'REG038', 90.00, 91.00, 90.00, 92.00, 91.00, 93.00, 91.35),
('HSL029', 'REG039', 87.00, 88.00, 87.00, 89.00, 88.00, 90.00, 88.35),
('HSL030', 'REG041', 89.00, 90.00, 89.00, 91.00, 90.00, 92.00, 90.35),
('HSL031', 'REG042', 86.00, 87.00, 86.00, 88.00, 87.00, 89.00, 87.35),
('HSL032', 'REG043', 91.00, 92.00, 91.00, 93.00, 92.00, 94.00, 92.35),
('HSL033', 'REG044', 88.00, 89.00, 88.00, 90.00, 89.00, 91.00, 89.35),
('HSL034', 'REG046', 90.00, 91.00, 90.00, 92.00, 91.00, 93.00, 91.35),
('HSL035', 'REG047', 87.00, 88.00, 87.00, 89.00, 88.00, 90.00, 88.35),
('HSL036', 'REG049', 89.00, 90.00, 89.00, 91.00, 90.00, 92.00, 90.35),
('HSL037', 'REG050', 85.00, 86.00, 85.00, 87.00, 86.00, 88.00, 86.35),
('HSL038', 'REG051', 92.00, 93.00, 92.00, 94.00, 93.00, 95.00, 93.35),
('HSL039', 'REG052', 88.00, 89.00, 88.00, 90.00, 89.00, 91.00, 89.35),
('HSL040', 'REG053', 90.00, 91.00, 90.00, 92.00, 91.00, 93.00, 91.35),
('HSL041', 'REG054', 75.00, 78.00, 81.00, 84.00, 87.00, 90.00, 83.25),
('HSL042', 'REG055', 76.00, 79.00, 82.00, 85.00, 88.00, 91.00, 84.25),
('HSL043', 'REG056', 77.00, 80.00, 83.00, 86.00, 89.00, 92.00, 85.25),
('HSL044', 'REG057', 78.00, 81.00, 84.00, 87.00, 90.00, 93.00, 86.25),
('HSL045', 'REG058', 79.00, 82.00, 85.00, 88.00, 91.00, 94.00, 87.25),
('HSL046', 'REG059', 80.00, 83.00, 86.00, 89.00, 92.00, 95.00, 88.25),
('HSL047', 'REG060', 81.00, 84.00, 87.00, 90.00, 93.00, 96.00, 89.25),
('HSL048', 'REG061', 82.00, 85.00, 88.00, 91.00, 94.00, 97.00, 90.25),
('HSL049', 'REG063', 75.00, 79.00, 83.00, 87.00, 91.00, 95.00, 86.00),
('HSL050', 'REG064', 76.00, 80.00, 84.00, 88.00, 92.00, 96.00, 87.00),
('HSL051', 'REG066', 77.00, 81.00, 85.00, 89.00, 93.00, 97.00, 88.00),
('HSL052', 'REG067', 78.00, 82.00, 86.00, 90.00, 94.00, 95.00, 88.25),
('HSL053', 'REG068', 79.00, 83.00, 87.00, 91.00, 92.00, 96.00, 88.80),
('HSL054', 'REG069', 80.00, 84.00, 88.00, 89.00, 93.00, 97.00, 89.35),
('HSL055', 'REG071', 81.00, 85.00, 89.00, 90.00, 94.00, 96.00, 89.85),
('HSL056', 'REG072', 82.00, 86.00, 90.00, 91.00, 95.00, 97.00, 90.85),
('HSL057', 'REG074', 83.00, 87.00, 91.00, 92.00, 94.00, 96.00, 91.05),
('HSL058', 'REG075', 84.00, 88.00, 92.00, 93.00, 95.00, 97.00, 92.05),
('HSL059', 'REG076', 75.00, 80.00, 85.00, 90.00, 92.00, 95.00, 87.05),
('HSL060', 'REG077', 76.00, 81.00, 86.00, 91.00, 93.00, 96.00, 88.05),
('HSL061', 'REG078', 77.00, 82.00, 87.00, 92.00, 94.00, 97.00, 89.05),
('HSL062', 'REG080', 78.00, 83.00, 88.00, 93.00, 95.00, 96.00, 89.55),
('HSL063', 'REG081', 79.00, 84.00, 89.00, 92.00, 94.00, 97.00, 89.95),
('HSL064', 'REG083', 80.00, 85.00, 90.00, 93.00, 95.00, 96.00, 90.45),
('HSL065', 'REG084', 81.00, 86.00, 91.00, 92.00, 94.00, 97.00, 90.85),
('HSL066', 'REG085', 82.00, 87.00, 92.00, 93.00, 95.00, 96.00, 91.35),
('HSL067', 'REG086', 83.00, 88.00, 93.00, 94.00, 95.00, 97.00, 92.20),
('HSL068', 'REG088', 84.00, 89.00, 94.00, 95.00, 96.00, 97.00, 92.95),
('HSL069', 'REG089', 85.00, 90.00, 91.00, 92.00, 93.00, 94.00, 91.15),
('HSL070', 'REG091', 95.00, 92.00, 89.00, 86.00, 83.00, 80.00, 86.75),
('HSL071', 'REG092', 94.00, 91.00, 88.00, 85.00, 82.00, 79.00, 85.75),
('HSL072', 'REG093', 93.00, 90.00, 87.00, 84.00, 81.00, 78.00, 84.75),
('HSL073', 'REG094', 92.00, 89.00, 86.00, 83.00, 80.00, 77.00, 83.75),
('HSL074', 'REG096', 91.00, 88.00, 85.00, 82.00, 79.00, 76.00, 82.75),
('HSL075', 'REG097', 90.00, 87.00, 84.00, 81.00, 78.00, 75.00, 81.75),
('HSL076', 'REG099', 95.00, 90.00, 85.00, 80.00, 75.00, 70.00, 81.25),
('HSL077', 'REG100', 94.00, 89.00, 84.00, 79.00, 74.00, 69.00, 80.25),
('HSL078', 'REG101', 93.00, 88.00, 83.00, 78.00, 73.00, 68.00, 79.25),
('HSL079', 'REG102', 92.00, 87.00, 82.00, 77.00, 72.00, 67.00, 78.25),
('HSL080', 'REG103', 91.00, 86.00, 81.00, 76.00, 71.00, 66.00, 77.25),
('HSL081', 'REG104', 90.00, 85.00, 80.00, 75.00, 70.00, 65.00, 76.25),
('HSL082', 'REG106', 89.00, 84.00, 79.00, 74.00, 69.00, 64.00, 75.25),
('HSL083', 'REG108', 88.00, 83.00, 78.00, 73.00, 68.00, 63.00, 74.25),
('HSL084', 'REG109', 87.00, 82.00, 77.00, 72.00, 67.00, 62.00, 73.25),
('HSL085', 'REG110', 86.00, 81.00, 76.00, 71.00, 66.00, 61.00, 72.25),
('HSL086', 'REG111', 85.00, 80.00, 75.00, 70.00, 65.00, 60.00, 71.25),
('HSL087', 'REG113', 84.00, 79.00, 74.00, 69.00, 64.00, 59.00, 70.25),
('HSL088', 'REG114', 83.00, 78.00, 73.00, 68.00, 63.00, 58.00, 69.25),
('HSL089', 'REG116', 82.00, 77.00, 72.00, 67.00, 62.00, 57.00, 68.25),
('HSL090', 'REG117', 90.00, 70.00, 95.00, 60.00, 88.00, 92.00, 83.45),
('HSL091', 'REG118', 85.00, 60.00, 92.00, 75.00, 88.00, 90.00, 82.50),
('HSL092', 'REG119', 88.00, 55.00, 93.00, 66.00, 89.00, 91.00, 81.40),
('HSL093', 'REG120', 92.00, 65.00, 70.00, 95.00, 60.00, 85.00, 78.55),
('HSL094', 'REG121', 75.00, 88.00, 60.00, 92.00, 70.00, 95.00, 81.50),
('HSL095', 'REG122', 80.00, 95.00, 65.00, 88.00, 72.00, 90.00, 82.50),
('HSL096', 'REG124', 78.00, 60.00, 85.00, 92.00, 66.00, 88.00, 79.15),
('HSL097', 'REG125', 91.00, 70.00, 60.00, 95.00, 75.00, 89.00, 80.90),
('HSL098', 'REG126', 87.00, 66.00, 92.00, 58.00, 90.00, 85.00, 80.20),
('HSL099', 'REG127', 89.00, 72.00, 95.00, 60.00, 88.00, 91.00, 83.35),
('HSL100', 'REG128', 84.00, 60.00, 88.00, 75.00, 92.00, 70.00, 77.35),
('HSL101', 'REG130', 90.00, 65.00, 93.00, 70.00, 88.00, 60.00, 75.90),
('HSL102', 'REG131', 88.00, 75.00, 60.00, 92.00, 70.00, 95.00, 81.50),
('HSL103', 'REG133', 86.00, 60.00, 89.00, 72.00, 94.00, 65.00, 76.40),
('HSL104', 'REG134', 92.00, 70.00, 85.00, 60.00, 90.00, 95.00, 83.30),
('HSL105', 'REG136', 85.00, 66.00, 88.00, 75.00, 92.00, 60.00, 75.90),
('HSL106', 'REG138', 35.00, 40.00, 45.00, 50.00, 55.00, 60.00, 48.75),
('HSL107', 'REG139', 32.00, 38.00, 44.00, 50.00, 56.00, 59.00, 47.75),
('HSL108', 'REG141', 30.00, 36.00, 42.00, 48.00, 54.00, 60.00, 46.50),
('HSL109', 'REG142', 33.00, 39.00, 45.00, 51.00, 57.00, 60.00, 48.75),
('HSL110', 'REG144', 31.00, 37.00, 43.00, 49.00, 55.00, 58.00, 46.75),
('HSL111', 'REG146', 34.00, 40.00, 46.00, 52.00, 58.00, 60.00, 49.50),
('HSL112', 'REG147', 32.00, 41.00, 47.00, 53.00, 57.00, 60.00, 49.50),
('HSL113', 'REG149', 30.00, 39.00, 45.00, 51.00, 56.00, 60.00, 48.15),
('HSL114', 'REG150', 33.00, 42.00, 48.00, 54.00, 58.00, 60.00, 50.25);

